# unix_time, cycles_done, cur_path, paths_total, pending_total, pending_favs, map_size, unique_crashes, unique_hangs, max_depth, execs_per_sec
1486897204, 0, 0, 1, 1, 1, 0.44%, 0, 0, 1, 210.53
1486897209, 0, 0, 67, 67, 1, 0.52%, 0, 0, 2, 776.27
1486897214, 0, 0, 78, 78, 1, 0.54%, 0, 0, 2, 915.80
1486897229, 0, 0, 94, 94, 1, 0.54%, 0, 0, 2, 931.76
1486897235, 0, 0, 98, 98, 1, 0.54%, 0, 0, 2, 915.00
1486897240, 0, 0, 100, 100, 1, 0.54%, 0, 0, 2, 935.69
1486897245, 0, 0, 101, 101, 1, 0.54%, 0, 0, 2, 914.13
1486897255, 0, 0, 188, 188, 1, 0.54%, 0, 0, 2, 992.22
1486897260, 0, 0, 210, 210, 1, 0.54%, 0, 0, 2, 1056.80
1486897265, 0, 0, 221, 221, 1, 0.54%, 0, 0, 2, 1085.88
1486897270, 0, 0, 232, 232, 1, 0.55%, 0, 0, 2, 1079.28
1486897275, 0, 0, 236, 236, 1, 0.55%, 0, 0, 2, 1060.20
1486897280, 0, 0, 241, 241, 1, 0.55%, 0, 0, 2, 1057.35
1486897285, 0, 1, 244, 243, 46, 0.55%, 0, 0, 2, 1010.89
1486897311, 0, 2, 244, 242, 45, 0.55%, 0, 0, 2, 1314.84
1486897316, 0, 3, 246, 243, 44, 0.55%, 0, 0, 3, 1489.34
1486897321, 0, 3, 247, 244, 44, 0.55%, 0, 0, 3, 985.72
1486897346, 0, 3, 248, 245, 44, 0.55%, 0, 0, 3, 913.27
1486897351, 0, 3, 254, 251, 44, 0.55%, 0, 0, 3, 968.51
1486897356, 0, 3, 261, 258, 44, 0.55%, 0, 0, 3, 976.27
1486897361, 0, 3, 265, 262, 44, 0.55%, 0, 0, 3, 992.02
1486897366, 0, 3, 268, 265, 44, 0.55%, 0, 0, 3, 990.04
1486897372, 0, 3, 269, 266, 44, 0.55%, 0, 0, 3, 1015.29
1486897377, 0, 3, 270, 267, 44, 0.55%, 0, 0, 3, 1016.61
1486897382, 0, 4, 270, 266, 44, 0.55%, 0, 0, 3, 1282.15
1486897387, 0, 4, 273, 269, 44, 0.55%, 0, 0, 4, 1453.42
1486897392, 0, 5, 273, 268, 43, 0.55%, 0, 0, 4, 1190.70
1486897418, 0, 6, 273, 267, 42, 0.55%, 0, 0, 4, 1004.15
1486897433, 0, 6, 274, 268, 42, 0.55%, 0, 0, 4, 1069.07
1486897438, 0, 6, 276, 270, 42, 0.55%, 0, 0, 4, 1118.09
1486897443, 0, 9, 276, 269, 42, 0.55%, 0, 0, 4, 1060.96
1486897458, 0, 14, 278, 270, 41, 0.55%, 0, 0, 4, 1050.90
1486897484, 0, 16, 278, 269, 40, 0.55%, 0, 0, 4, 952.76
1486897504, 0, 17, 278, 268, 39, 0.55%, 0, 0, 4, 928.92
1486897524, 0, 25, 279, 268, 38, 0.55%, 0, 0, 4, 977.77
1486897550, 0, 26, 279, 267, 38, 0.55%, 0, 0, 4, 956.00
1486897570, 0, 28, 280, 267, 37, 0.55%, 0, 0, 4, 997.55
1486897590, 0, 29, 280, 266, 36, 0.55%, 0, 0, 4, 995.70
1486897616, 0, 30, 280, 265, 35, 0.55%, 0, 0, 4, 917.39
1486897636, 0, 31, 281, 265, 34, 0.55%, 0, 0, 4, 978.67
1486897656, 0, 32, 281, 264, 33, 0.55%, 0, 0, 4, 972.49
1486897677, 0, 33, 281, 263, 32, 0.55%, 1, 0, 4, 987.44
1486897697, 0, 33, 282, 264, 32, 0.55%, 1, 0, 4, 1003.61
