# unix_time, cycles_done, cur_path, paths_total, pending_total, pending_favs, map_size, unique_crashes, unique_hangs, max_depth, execs_per_sec
1486897201, 0, 0, 1, 1, 1, 0.37%, 0, 0, 1, 285.71
1486897207, 0, 0, 36, 36, 1, 0.40%, 0, 0, 2, 832.75
1486897212, 0, 0, 41, 41, 1, 0.40%, 0, 0, 2, 944.37
1486897217, 0, 0, 55, 55, 1, 0.41%, 0, 0, 2, 1002.26
1486897222, 0, 0, 57, 57, 1, 0.41%, 0, 0, 2, 995.79
1486897227, 0, 0, 137, 137, 1, 0.41%, 0, 0, 2, 1081.99
1486897232, 0, 0, 149, 149, 1, 0.41%, 0, 0, 2, 1144.66
1486897237, 0, 0, 158, 158, 1, 0.41%, 0, 0, 2, 1151.16
1486897242, 0, 0, 165, 165, 1, 0.41%, 0, 0, 2, 1137.64
1486897247, 0, 0, 168, 168, 1, 0.41%, 0, 0, 2, 1147.88
1486897252, 0, 0, 170, 170, 1, 0.41%, 0, 0, 2, 1095.38
1486897257, 0, 7, 170, 169, 13, 0.41%, 0, 0, 2, 1094.36
1486897272, 0, 13, 171, 169, 12, 0.41%, 0, 0, 3, 1092.53
1486897293, 0, 13, 172, 170, 12, 0.41%, 0, 0, 3, 1068.81
1486897298, 0, 34, 172, 169, 11, 0.41%, 0, 0, 3, 1078.96
1486897308, 0, 34, 173, 170, 11, 0.41%, 0, 0, 3, 1094.78
1486897313, 0, 49, 174, 170, 12, 0.41%, 0, 0, 3, 1091.18
1486897333, 0, 50, 174, 169, 11, 0.41%, 0, 0, 3, 1065.85
1486897354, 0, 50, 178, 173, 11, 0.41%, 0, 0, 3, 1144.19
1486897369, 0, 86, 178, 171, 9, 0.41%, 0, 0, 3, 1242.97
1486897384, 0, 112, 178, 170, 8, 0.41%, 0, 0, 3, 1099.63
1486897400, 0, 135, 178, 169, 7, 0.41%, 0, 0, 3, 1151.87
1486897420, 0, 141, 178, 168, 6, 0.41%, 0, 0, 3, 1502.76
1486897425, 0, 142, 178, 167, 5, 0.41%, 0, 0, 3, 1180.94
1486897440, 0, 142, 179, 168, 5, 0.41%, 0, 0, 3, 996.08
1486897450, 0, 142, 180, 169, 5, 0.41%, 0, 0, 3, 988.03
1486897456, 0, 145, 180, 168, 5, 0.41%, 0, 0, 3, 1132.46
1486897471, 0, 156, 180, 167, 4, 0.41%, 0, 0, 3, 1191.81
1486897506, 0, 172, 181, 167, 3, 0.41%, 0, 0, 3, 1089.79
1486897526, 0, 173, 182, 167, 2, 0.41%, 0, 0, 4, 1245.79
1486897537, 0, 173, 183, 168, 2, 0.41%, 0, 0, 4, 1369.81
1486897542, 0, 178, 184, 168, 1, 0.41%, 0, 0, 4, 1217.04
1486897567, 0, 178, 186, 170, 1, 0.41%, 0, 0, 4, 1066.78
1486897572, 1, 14, 186, 169, 0, 0.41%, 0, 0, 4, 1018.08
1486897587, 1, 17, 186, 168, 0, 0.41%, 0, 0, 4, 1069.99
1486897608, 1, 19, 186, 167, 0, 0.41%, 0, 0, 4, 1019.01
1486897633, 1, 22, 186, 166, 0, 0.41%, 0, 0, 4, 1014.01
1486897654, 1, 25, 186, 165, 0, 0.41%, 0, 0, 4, 1042.28
1486897674, 1, 28, 186, 164, 0, 0.41%, 0, 0, 4, 1071.76
1486897694, 1, 30, 186, 163, 0, 0.41%, 0, 0, 4, 1088.79
